0 0.0
1 0.014067036577669808
2 0.06586136312667702
3 -0.07562862784700265
4 -0.06915169278206851
5 0.04974899554546807
6 0.19038123666978476
7 0.1634120441237279
8 0.15480741375414075
9 0.3346692560874093
10 0.38089985197670273
11 0.33558261204584106
12 0.5902913537493846
13 0.5552612406468475
14 0.7411778839891756
15 0.827887464271364
16 1.0866897324948277
17 0.8697576339362664
18 1.174111430776664
19 1.2397155036328615
20 1.4113462470269522
21 1.376167335152944
22 1.4940719369888988
23 1.6676848172106062
24 1.7145169966797693
25 2.018867634650268
26 2.094446033385426
27 2.120974009129472
28 2.38462342275357
29 2.5413117395696125
30 2.5359089436829216
31 2.8054842332361245
32 2.943412232539456
33 3.339946268931268
34 3.366513668037754
35 3.4948091520466313
36 3.820463002098423
37 3.773648887699986
38 4.001313741687516
39 4.224806796688059
40 4.2598001667591685
41 4.261829632274818
42 4.6948767371288875
43 4.701054849819904
44 4.8219260820486
45 5.061716026208451
46 5.296842305276909
47 5.447160902856742
48 5.577581881884504
49 5.789208027897976
50 5.848377005599755
51 6.2086562080684535
52 6.152305787627354
53 6.487864920014899
54 6.753908142553732
55 6.864045625731181
56 7.076107370527853
57 7.2294216613610205
58 7.752891396964171
59 7.63966076362011
60 8.029480691859122
61 8.131003882488603
62 8.35254692210028
63 8.518238655990086
64 8.763897911122628
65 8.914024326327302
66 9.143382937859268
67 9.446156141511931
68 9.59417249852102
69 9.774516209194042
70 10.063589886179244
71 10.25527159754165
72 10.432854733514203
73 10.666120776599469
74 10.8769769528085
75 10.916134480078233
76 11.00765392951423
77 11.342546392162395
78 11.482140773160072
79 11.644582266024985
80 11.634065101207996
81 11.694122343977561
82 11.815856803784515
83 11.799365653444921
84 11.979609679861237
85 11.825866011281365
86 11.282967464087506
87 11.012645295589618
88 10.984725397095358
89 10.637881348919898
90 10.635806807339783
91 10.539792470761734
92 10.18163562540933
93 9.889559691357956
94 9.682694231474729
95 9.443297885014752
96 9.183102876603407
97 8.835897714472965
98 8.664529787472553
99 8.461669863946502
100 8.265237577906356
101 7.972505961001422
102 7.7053551496725134
103 7.416908983179665
104 7.30424779501442
105 7.035205699923102
106 6.717735797769335
107 6.445063236247229
108 6.492222792798405
109 6.1204653190802984
110 5.742828686157644
111 5.51695734984589
112 5.371049346420606
113 5.103233819139631
114 4.732647523218263
115 4.463813471067592
116 4.184174621653112
117 3.8721527884816065
118 3.7157776093296486
119 3.5658645573500554
120 3.1014821916289286
121 3.035250484589037
122 2.7907940083446716
123 2.4053446585578615
124 2.223584051689917
125 1.9375975958661302
126 1.7623400559866151
127 1.574713640591896
128 1.2209862101927422
129 0.9039233976540448
130 0.7076207343097952
131 0.4583798249122322
132 0.28581977978770895
133 -0.1802572776629813
134 -0.4290152458178685
135 -0.8460748908254219
136 -1.034736188563499
137 -1.1807522226680436
138 -1.4922237338339734
139 -1.5478578677883619
140 -2.0988095540704546
141 -2.1627514147813582
142 -2.4309143779544584
143 -2.6041367608953156
144 -2.5808958816391208
145 -2.858870312763867
146 -2.900413278170725
147 -3.162708614184618
148 -3.5707669148803376
149 -3.5071428670915514
150 -3.7863729323194875
151 -3.701488972093472
152 -4.096876901663536
153 -4.237952923846549
154 -4.513552087581453
155 -4.599056788114983
156 -4.802782167450015
157 -4.823001039820346
158 -4.9631150228036045
159 -5.3441554867597745
160 -5.313271936210863
161 -5.3888882227200225
162 -5.51834932676945
163 -5.560543941638392
164 -5.6712541750657675
165 -5.631052264257125
166 -5.7225852982010545
167 -5.570386093839596
168 -5.823698296630343
169 -5.624606317634183
170 -5.656359106907597
171 -5.696862326154174
172 -5.747151718420426
173 -5.877256200271579
174 -5.80723951298708
175 -5.844973539268543
176 -5.73463946291892
177 -5.760247200544255
178 -5.89117140902678
179 -5.770468263928212
180 -5.85418144413841
