0 0.0
1 -0.2471762158206675
2 -0.11025379590902828
3 0.06896385250192594
4 -0.20587569285331409
5 0.06313636772640596
6 -0.009077809888335397
7 -0.09635755569764926
8 0.08701716927752146
9 0.03516345111701835
10 0.01669908723826874
11 0.14836763112579177
12 0.2616730835091923
13 0.29301557111237253
14 0.18768242261518564
15 0.6827510811519331
16 0.3979769353154923
17 0.6320092952159846
18 0.8466075815645207
19 0.6934453049389466
20 0.9748022964692336
21 1.1003925502693228
22 1.152820754315075
23 1.3357403818028786
24 1.3362451987135042
25 1.3840055984194013
26 1.6884357438288857
27 1.7451265436673982
28 1.7305318003799055
29 2.004205075861246
30 1.9922905780778586
31 2.2385569960257037
32 2.4502120667549163
33 2.3888838554552865
34 2.577885790273881
35 2.662254734469557
36 2.9298761627010763
37 3.069469829783047
38 3.2292026878057265
39 3.5053325769520787
40 3.5329791568030147
41 3.747758273677198
42 3.777472865573857
43 4.022388547215851
44 4.324567412837425
45 4.316857227650482
46 4.546999315808501
47 4.656300034460465
48 4.8993247034131056
49 5.170338446401518
50 5.293138629838538
51 5.8280162801896935
52 5.681275454188208
53 6.0617842300452764
54 6.113213034332416
55 6.496714571038677
56 6.644259602695518
57 6.8143539269706075
58 6.971070440915945
59 7.229934818757894
60 7.475854053083973
61 7.63310575606244
62 7.810819703544995
63 8.209400176941537
64 8.300633550974469
65 8.568758450791465
66 8.53949552095743
67 8.90381184405144
68 9.32118846828272
69 9.290111787095723
70 9.541074682148256
71 9.846461042631303
72 9.984474694877836
73 10.38536589176266
74 10.503573183827278
75 10.715689305896406
76 10.721256373127549
77 11.207256355556149
78 10.963513830984612
79 11.234004608126773
80 11.165289818529239
81 11.305754382615342
82 11.144890641724478
83 11.226349038089653
84 10.991770469444596
85 11.149131784240087
86 11.023678276650712
87 10.71019674373428
88 10.924828192389231
89 10.450901468751443
90 10.324261594150869
91 10.09780576692247
92 9.64034983316824
93 9.560018044286357
94 9.365629933580468
95 9.088555296942653
96 9.055354178126198
97 8.660966510834186
98 8.339776899000928
99 7.970053523202431
100 7.766317522105867
101 7.429163234665467
102 7.20781251547945
103 7.139191789931752
104 6.743101966651732
105 6.35544791312225
106 6.091638106441847
107 5.815636446602056
108 5.6576312123630235
109 5.438437217593648
110 5.2001533752402285
111 4.980879043003116
112 4.6398035568631375
113 4.247293178765728
114 4.007681217420103
115 3.807171607458883
116 3.5332150606136374
117 3.3624867591014023
118 3.1629688190426353
119 3.0963723202156523
120 2.7203600665456404
121 2.3005833190766167
122 2.180392968535422
123 1.9813344886625366
124 1.607565659143535
125 1.3959177472398263
126 1.1472351037092854
127 0.860144678008641
128 0.540398737939084
129 0.18353932236014336
130 -0.012678382066049765
131 -0.13961242501825266
132 -0.49549515816333645
133 -0.7393897225282282
134 -0.9118187604053217
135 -1.136035908603834
136 -1.417950850043193
137 -1.664570762592996
138 -1.9302580030223144
139 -2.0613983608587394
140 -2.486617856722059
141 -2.754323627794593
142 -2.983833032268593
143 -3.1747370827022157
144 -3.13929602241952
145 -3.5650001872774237
146 -3.7686809064121864
147 -3.9506070668090367
148 -4.142599708054213
149 -4.290632657364323
150 -4.577600662503805
151 -4.834270507802721
152 -4.808249918063093
153 -4.8379127230880385
154 -4.975334671320434
155 -5.169464588357945
156 -5.436397141986673
157 -5.488772935719897
158 -5.526442115618259
159 -5.824647527790706
160 -5.815157771644479
161 -5.876126183275531
162 -6.167174592030499
163 -6.243731142780655
164 -6.344320560689603
165 -6.386934921556865
166 -6.613191337829491
167 -6.3466596164514595
168 -6.729278054351466
169 -6.571519672691213
170 -6.74753455094447
171 -6.936676285956651
172 -6.986728345222632
173 -7.044165785489259
174 -6.96983785049296
175 -7.077394815841004
176 -7.264345381337289
177 -7.199543974999797
178 -7.093047561668589
179 -7.025083812583892
180 -6.915992974828951
